0	0.125000507451
1	0.17779001335
2	0.125004608104
3	0.125304988514
4	0.125021744301
5	0.12500583915
6	0.125257146893
7	0.207922386166
8	0.125066430892
9	0.126295756622
10	0.134427841533
11	0.125037975013
12	0.330589215352
13	0.129258093862
14	0.125020215469
15	0.125404231575
16	0.125003747896
17	0.126220793275
18	0.125625309549
19	0.125001083815
20	0.125
21	0.125060241558
22	0.125003730441
23	0.151427297214
24	0.125
25	0.213440401575
26	0.125
27	0.125011958311
28	0.125106640223
29	0.125002150343
30	0.125006004476
31	0.130331567153
32	0.12550617952
33	0.126080226617
34	0.125085430284
35	0.125008500008
36	0.125127206813
37	0.13197177884
38	0.125141062126
39	0.125256820916
40	0.125041459528
41	0.125000324886
42	0.12500159254
43	0.125000515216
44	0.297467555614
45	0.125021780386
46	0.126179602921
47	0.128435844589
48	0.125002091863
49	0.131226640997
50	0.151167199968
51	0.125483749771
52	0.28795668885
53	0.126275155563
54	0.198362631661
55	0.128706372499
56	0.125107588983
57	0.125004333989
58	0.125002611088
59	0.125007300371
60	0.125001116392
61	0.125027162915
62	0.127072067793
63	0.125000220328
64	0.125005433132
65	0.14013122623
66	0.125007507767
67	0.139453033618
68	0.125015303416
69	0.236800636988
70	0.125
71	0.277208473823
72	0.158322477942
73	0.135087838604
74	0.125004688273
75	0.125016975038
76	0.135126377905
77	0.125536651532
78	0.125118188284
79	0.125004749431
80	0.186877303142
81	0.12500825191
82	0.125058472522
83	0.218470061165
84	0.125134641242
85	0.125142910027
86	0.125034205166
87	0.125084855516
88	0.132560002157
89	0.125033047551
90	0.238329500855
91	0.125
92	0.125119680256
93	0.148704484625
94	0.128842848083
95	0.125380646938
96	0.127617279595
97	0.125040494488
98	0.25075443001
99	0.157090251141
100	0.125
101	0.126850906554
102	0.125019455203
103	0.125002878284
104	0.125074836428
105	0.125369464302
106	0.12562476221
107	0.125
108	0.125009974845
109	0.125
110	0.175552609663
111	0.12515330307
112	0.128680528669
113	0.12500854532
114	0.246266419915
115	0.125009464432
116	0.237107760607
117	0.125000738825
118	0.271384289975
119	0.129643914573
120	0.125
121	0.233712000545
122	0.127877497723
123	0.125464306077
124	0.130464905594
125	0.171552822479
126	0.132823276257
127	0.1787467635
128	0.141973102198
129	0.12806970019
130	0.125006789227
131	0.125
132	0.125204985575
133	0.125002449688
134	0.125061598522
135	0.125002260239
136	0.142712679653
137	0.417193810551
138	0.125001049979
139	0.188679873363
140	0.341841645064
141	0.12511328265
142	0.125
143	0.126463597829
144	0.139371538758
145	0.12500053211
146	0.125000333778
147	0.12716818255
148	0.125000196618
149	0.289067093386
150	0.146122001588
151	0.131159050925
152	0.294633938376
153	0.16552126244
154	0.125000700525
155	0.131353899566
156	0.245656023136
157	0.125362858339
158	0.152820190009
159	0.125
160	0.247374319687
161	0.128333071467
162	0.125054078816
163	0.201053947801
164	0.159052216518
165	0.137683020749
166	0.12546093039
167	0.21851426353
168	0.126332562277
169	0.149283733998
170	0.127996257597
171	0.125596243303
172	0.194344909194
173	0.125031040487
174	0.125028233645
175	0.125018560235
176	0.12507838608
177	0.125039148154
178	0.12500431993
179	0.125166946267
180	0.125003480051
181	0.125000999239
182	0.125
183	0.125010159886
184	0.127428255624
185	0.125001432665
186	0.125001272979
187	0.125056435513
188	0.179316292853
189	0.12504735402
190	0.125002942298
191	0.126475643203
192	0.125001079282
193	0.157279051449
194	0.359271612242
195	0.127038059534
196	0.125
197	0.125025410445
198	0.125021991204
199	0.125082828622
200	0.176252931234
201	0.125001570533
202	0.125068539659
203	0.125
204	0.125016984702
205	0.125
206	0.125
207	0.125000181686
208	0.125000196464
209	0.125000259605
210	0.136431898483
211	0.125
212	0.12502174464
213	0.125002694028
214	0.125
215	0.125005701095
216	0.125004381161
217	0.125
218	0.134702957157
219	0.169728748997
220	0.125047484755
221	0.486186274499
222	0.125132523466
223	0.125764708032
224	0.131169231096
225	0.125088447018
226	0.125115140707
227	0.125058568253
228	0.125062118482
229	0.125
230	0.125079756289
231	0.139712594969
232	0.147362454621
233	0.292014401108
234	0.253074359396
235	0.322569038042
236	0.131269661705
237	0.12505643672
238	0.174916834303
239	0.125164688854
240	0.127243632845
241	0.162006044541
242	0.125009072644
243	0.125044732374
244	0.125002606604
245	0.125001053354
246	0.125
247	0.125056187411
248	0.125113498138
249	0.125084767809
250	0.125407206134
251	0.125050839462
252	0.18063148422
253	0.125024379042
254	0.125031174411
255	0.125565226632
256	0.185371889071
257	0.265167638343
258	0.126037797401
259	0.125035074736
260	0.126459409493
261	0.125
262	0.296909097346
263	0.128619655837
264	0.129227286999
265	0.211237742067
266	0.354210980757
267	0.16116341552
268	0.130588812136
269	0.125224823348
270	0.127558734989
271	0.127083551677
272	0.125338093198
273	0.125345653093
274	0.125053618772
275	0.125032248738
276	0.125270968887
277	0.129126063251
278	0.125001005433
279	0.125021825096
280	0.15656741168
281	0.125116099252
282	0.125338739081
283	0.12925849074
284	0.263811162102
285	0.400118151812
286	0.125063290346
287	0.131808657456
288	0.125
289	0.125
290	0.135377419492
291	0.130921801111
292	0.152114918837
293	0.428476241218
294	0.130850757918
295	0.125474342127
296	0.143163380766
297	0.125125994921
298	0.125003067514
299	0.125653200505
300	0.125023611911
301	0.125020437531
302	0.125000400966
303	0.12501004454
304	0.125000582072
305	0.168678433886
306	0.390337626181
307	0.125006776596
308	0.125012892153
309	0.125000570664
310	0.125006361378
311	0.413356306713
312	0.125
313	0.1261986437
314	0.125007725232
315	0.125050388979
316	0.125015116311
317	0.125011957175
318	0.148497531129
319	0.125
320	0.12501497006
321	0.126027056169
322	0.174147331322
323	0.230409738881
324	0.125007794785
325	0.125007763682
326	0.175758378739
327	0.125038653676
328	0.125037334179
329	0.149259171693
330	0.125005263746
331	0.135742061217
332	0.125030666663
333	0.125111416618
334	0.161798882948
335	0.125
336	0.125003561774
337	0.126241703878
338	0.125000169319
339	0.125368348822
340	0.125001790423
341	0.125000888709
342	0.412380964088
343	0.125097725138
344	0.125002917342
345	0.126836111861
346	0.12500506673
347	0.133592196652
348	0.12520721369
349	0.204768943948
350	0.139062615178
351	0.157944378369
352	0.34862029572
353	0.140911920409
354	0.406035672842
355	0.209946854604
356	0.13574528858
357	0.12522015719
358	0.364965549757
359	0.191101315524
360	0.125319350124
361	0.125927006045
362	0.155461964191
363	0.125112848529
364	0.125008348603
365	0.125005071803
366	0.125
367	0.265171097555
368	0.125
369	0.125000959231
370	0.131256769434
371	0.125252243294
372	0.182202975185
373	0.126942624151
374	0.132669931298
375	0.153665550722
376	0.176087919317
377	0.314838084039
378	0.186382779769
379	0.172810816701
380	0.176888864312
381	0.12500863208
382	0.125004961167
383	0.125067433361
384	0.125009950964
385	0.125970426441
386	0.125025751221
387	0.125031275078
388	0.12526894421
389	0.125001592357
390	0.189700249541
391	0.125
392	0.126805404477
393	0.125000351211
394	0.125008618288
395	0.125023900233
396	0.125055480125
397	0.182511832077
398	0.130687929082
399	0.125188570249
400	0.129709919219
401	0.127926534648
402	0.125134221047
403	0.125027859828
404	0.12510039836
405	0.125441165677
406	0.125001615693
407	0.125002036759
408	0.12585505841
409	0.125233182063
410	0.218263415137
411	0.125039448795
412	0.125234123696
413	0.129083452766
414	0.125000948
415	0.125009714001
416	0.125006895635
417	0.126243190455
418	0.131236527291
419	0.142333444666
420	0.125053325663
421	0.3012466624
422	0.125058750553
423	0.125000662685
424	0.125605185322
425	0.125052937763
426	0.125011944678
427	0.125160480998
428	0.149902213562
429	0.125007974701
430	0.212819338798
431	0.136644411317
432	0.13672979726
433	0.14754394139
434	0.125
435	0.12712789393
436	0.125769364632
437	0.331242802749
438	0.126257299469
439	0.12615852751
440	0.125002208658
441	0.125103034063
442	0.125
443	0.136440906444
444	0.155063992334
445	0.125
446	0.165426781867
447	0.35582182535
448	0.125454066995
449	0.182419185922
450	0.183392702924
451	0.125948254842
452	0.125002454604
453	0.125016833352
454	0.125
455	0.126262937391
456	0.249999066294
457	0.352869798341
458	0.125401904895
459	0.125
460	0.139226289501
461	0.125
462	0.126228634158
463	0.501580219671
464	0.125042884609
465	0.125037190207
466	0.125015578686
467	0.130301141529
468	0.125176012731
469	0.125162483544
470	0.296884147703
471	0.17571127882
472	1.31811352175
473	0.7724157789
474	1.6853449991
475	3.64710915869
476	0.673635934853
477	0.997813534612
478	5.57631508932
479	8.15356071479
480	0.212490124097
481	0.384761076149
482	0.125262748141
483	0.134547181889
484	0.328279295816
485	0.130433292591
486	0.126091391969
487	0.129441281563
488	0.133521554627
489	0.128957933308
490	0.126416770008
491	0.125087768967
492	0.449217406077
493	0.125035403085
494	0.125
495	0.125003607841
496	0.125046596386
497	0.264114276175
498	0.12500137603
499	0.125117431507
500	0.125008144417
501	0.125026155555
502	0.125109228987
503	0.13397065577
504	0.125004418317
505	0.146925189386
506	1.16674261067
507	0.125
508	0.125619320763
509	0.12501905274
510	0.125504750205
511	0.128511397007
512	0.194724639601
513	0.128306035587
514	0.127752771469
515	0.131202573534
516	0.140586519289
517	0.129878752839
518	0.125002015272
519	0.125969261458
520	0.125009873941
521	0.125317591453
522	0.125002320195
523	0.125189238315
524	0.127489659171
525	0.125051603651
526	0.332884585816
527	0.125027286942
528	0.338546765913
529	0.24333292903
530	0.125114165291
531	0.125
532	0.35392052001
533	0.855888958111
534	0.125124024096
535	0.125002517673
536	0.125091599056
537	0.125007055091
538	0.259911137044
539	0.193685091502
540	0.125007509491
541	0.125
542	0.125016037529
543	0.286569636983
544	0.12506071821
545	0.365931738699
546	0.137786758071
547	0.125002793296
548	0.125010186307
549	0.125095596228
550	0.125012148447
551	0.30617398432
552	0.125038947614
553	0.125664642106
554	0.125001310941
555	0.125006214998
556	0.214599449406
557	0.125008442301
558	0.125158423893
559	0.131608183835
560	0.125001229197
561	0.125007742838
562	0.125005337419
563	0.125664076932
564	0.125001744123
565	0.125005206787
566	0.125000313676
567	0.125000279018
568	0.125
569	0.125000363493
570	0.21238651441
571	0.125006168588
572	0.178388183768
573	0.125868113666
574	0.249822559808
575	0.125017222904
576	0.125165262844
577	0.125000396896
578	0.387317827727
579	0.125004403096
580	0.125037550217
581	0.125343443262
582	0.125
583	0.141242845548
584	0.125024812043
585	0.125
586	0.125000677507
587	0.12538918863
588	0.125025524557
589	0.125060783458
590	0.149970632137
591	0.125144833654
592	0.125
593	0.126897910765
594	0.160280428839
595	0.141013155074
596	0.125000401606
597	0.125054918692
598	0.125000537167
599	0.125000480307
600	0.125165332048
601	0.125000888362
602	0.125
603	0.262165770355
604	0.125004515941
605	0.125000601855
606	0.125047312846
607	0.125016537032
608	0.125001652426
609	0.125
610	0.125
611	0.125001240757
612	0.125000348918
613	0.125002181838
614	0.162836193696
615	0.125
616	0.125000175562
617	0.125631130686
618	0.125006870673
619	0.125000529661
620	0.138264807324
621	0.142777015566
622	0.125004371782
623	0.125
624	0.12500075643
625	0.129915267039
626	0.171460627869
627	0.126562686178
628	0.125
629	0.125059161318
630	0.125
631	0.126395697357
632	0.125
633	0.125
634	0.125038914322
635	0.125
636	0.125020781474
637	0.165723186607
638	0.125002842583
639	0.131933898879
640	0.125059114873
641	0.125262904369
642	0.125314661348
643	0.12818590316
644	0.125125422096
645	0.355286005066
646	0.126354482993
647	0.132948587326
648	0.128634279898
649	0.168556090189
650	0.125
651	0.125002336449
652	0.316184782414
653	0.441189997822
654	0.125642359125
655	0.207263407878
656	0.692260706554
657	0.125057665092
658	0.125519634651
659	0.125135193356
660	0.125000318517
661	0.221687984935
662	0.125009200723
663	0.12500291526
664	0.125001942874
665	0.125
666	0.125001661339
667	0.319332795981
668	0.125148811229
669	0.176635887666
670	0.125005324208
671	0.125
672	0.125
673	0.127667570317
674	0.125
675	0.125026286857
676	0.125002211411
677	0.227250835433
678	0.125003372339
679	0.195523580955
680	0.202413143086
681	0.39387080969
682	0.658797303905
683	0.447212905586
684	0.434594908078
685	0.225682983596
686	0.337512242545
687	0.463417612116
688	0.144967639345
689	0.209774097294
690	0.174461186757
691	0.125039244287
692	0.136949616891
693	0.125028943268
694	0.125180427231
695	1.00769751217
696	0.125005929459
697	0.125093193971
698	0.12517159977
699	0.438836051583
700	0.367322016367
701	0.125022141564
702	0.125000821787
703	0.185499499239
704	0.125011515043
705	0.125152014469
706	0.129035671183
707	0.174311729828
708	0.153418659779
709	0.125167751756
710	0.12504717277
711	0.126003530983
712	0.125
713	0.125000210881
714	0.125019719842
715	0.126676335643
716	0.125005327851
717	0.125
718	0.173690626208
719	0.125041506481
720	0.125
721	0.130728463246
722	0.347645590364
723	0.148174447581
724	0.125001528651
725	0.164952008948
726	0.125043299486
727	0.125091559278
728	0.179904913272
729	0.210425360683
730	0.125007166702
731	0.315196989937
732	0.125000334896
733	0.125001979015
734	0.132358025854
735	0.125000383257
736	0.125006416686
737	0.214123689931
738	0.164370878169
739	0.125368023571
740	0.12514484523
741	0.141507370945
742	0.125080214368
743	0.12500093985
744	0.125000219106
745	0.145883744858
746	0.12500275349
747	0.345881111404
748	0.168097796742
749	0.126802656245
750	0.125002577492
751	0.125
752	0.125
753	0.12500043535
754	0.125
755	0.12500835611
756	0.129440373329
757	0.173683750253
758	0.125011817224
759	0.125010132584
760	0.125047968066
761	0.125
762	0.125686454746
763	0.125001260036
764	0.139524045223
765	0.160127074733
766	0.144109540155
767	0.132016459049
768	0.125063701995
769	0.125
770	0.22327290943
771	0.257261940183
772	0.12501562965
773	0.125000754148
774	0.125
775	0.125000538213
776	0.125002332871
777	0.125003625144
778	0.138338731493
779	0.12500031403
780	0.125007783372
781	0.12510143095
782	0.125
783	0.125112261299
784	0.125008670817
785	0.152020185245
786	0.125762274562
787	0.125
788	0.243329423236
789	0.125071711201
790	0.186667327007
791	0.127597271196
792	0.125147457167
793	0.133670041249
794	0.125015638388
795	0.223540943257
796	0.125000178571
797	0.125000319146
798	0.144247267733
799	0.125008247072
800	0.655152686756
801	0.29251078173
802	0.35864124135
803	0.357186331389
804	0.712341826023
805	0.846729450952
806	0.763322911963
807	0.809448729322
808	0.153296479516
809	0.131486007781
810	0.125070831993
811	0.125002763532
812	0.203411053728
813	0.125061196701
814	0.125236608662
815	0.125002634968
816	0.172924732906
817	0.125222001492
818	0.125012696877
819	0.130069483865
820	0.128916764301
821	0.12526639143
822	0.139753575788
823	0.125769028094
824	0.125275346841
825	0.126594679125
826	0.127736216368
827	0.1256504945
828	0.125276889124
829	0.125250046285
830	0.125
831	0.12801754468
832	0.125
833	0.125
834	0.1251252541
835	0.252602110919
836	0.125009041591
837	0.125053244541
838	0.147783057975
839	0.125001168316
840	0.129640791639
841	0.125007910527
842	0.125004558452
843	0.125004423426
844	0.125001258175
845	0.125018413732
846	0.125000847458
847	0.190170529487
848	0.205603970803
849	0.125057451735
850	0.271673056386
851	0.125005377972
852	0.125313579368
853	0.125003220876
854	0.126420132259
855	0.125001676817
856	0.345471974512
857	0.125000505181
858	0.125013550202
859	0.268309753687
860	0.125373232599
861	0.148819537143
862	0.161985543863
863	0.126130177711
864	0.125016539754
865	0.125006848871
866	0.12648543037
867	0.363490931883
868	0.126276795154
869	0.125
870	0.125087617644
871	0.12500239548
872	0.125020275683
873	0.13130802514
874	0.360306043385
875	0.125
876	0.129077286041
877	0.126908457789
878	0.125
879	0.125325409086
880	0.125637358419
881	0.125
882	0.125001968138
883	0.125
884	0.12500043314
885	0.255027972328
886	0.125001008571
887	0.125002129163
888	0.125008325506
889	0.125004206357
890	0.148794596882
891	0.180721121992
892	0.125
893	0.169706558022
894	0.12500892124
895	0.125
896	0.125000928749
897	0.132126429279
898	0.125
899	0.345313580981
900	0.125001110616
901	0.125
902	0.125
903	0.125031508922
904	0.12500106383
905	0.134530137864
906	0.125000207469
907	0.133708697407
908	0.274113962788
909	0.125162820792
910	0.125626851095
911	0.1276695302
912	0.126718972549
913	0.125557559146
914	0.125009128838
915	0.125039014017
916	0.12541859026
917	0.429926104158
918	0.126112737599
919	0.125005664768
920	0.125323712109
921	0.126612236645
922	0.12577995474
923	0.410117602482
924	0.130512882139
925	0.241233954442
926	0.176133260073
927	0.134624628689
928	0.125403704292
929	0.125507180097
930	0.125106555614
931	0.125083860508
932	0.125038923482
933	0.125010350399
934	0.155862970993
935	0.217328607512
936	0.38796557831
937	0.157680662674
938	0.153678563171
939	0.125
940	0.125913067263
941	0.185261020545
942	0.145735295617
943	0.126108625951
944	0.203528021589
945	0.138789211361
946	0.12726092591
947	0.134173000308
948	0.125147001437
949	0.175836411486
950	0.163125204967
951	0.12530038083
952	0.125
953	0.252798697526
954	0.125014562529
955	0.125001917553
956	0.125461809968
957	0.12500262824
958	0.125
959	0.125000356888
960	0.129348265749
961	0.125000782017
962	0.12500116794
963	0.125004974874
964	0.125024960712
965	0.125
966	0.20690605024
967	0.125000498256
968	0.125
969	0.45137347722
970	0.125010467698
971	0.126701988974
972	0.138471454951
973	0.125003045611
974	0.125003395871
975	0.387903362928
976	0.125063239866
977	0.163432911716
978	0.125061841917
979	0.125058993654
980	0.188231224269
981	0.127907874442
982	0.125003399378
983	0.125501819676
984	0.125019297317
985	0.125024017374
986	0.223857115259
987	0.125006093981
988	0.125000541454
989	0.125
990	1.23064285306
991	0.18935722972
992	0.125136067564
993	0.290729442199
994	0.125000242785
995	0.125012024215
996	0.125004957124
997	0.125000733676
998	0.125017389842
999	0.129645295118
1000	1.32995216452
1001	0.515230179588
1002	0.126338057444
1003	1.18433426028
1004	0.126034861083
1005	0.135695572445
1006	0.410391235011
1007	0.137421216728
1008	0.139200343501
1009	0.135473604054
1010	0.125139811318
1011	0.125184860047
1012	0.125051969022
1013	0.131517985424
1014	0.125004914941
1015	0.125130810526
1016	0.125025214728
1017	0.126419326774
1018	0.125001329426
1019	0.203938100743
1020	0.125037553616
1021	0.12500148368
1022	0.12501311386
1023	0.209759978094
1024	0.141488943058
1025	0.207536815748
1026	0.283537824676
1027	0.125251487724
1028	0.125120282324
1029	0.125003192822
1030	0.129032167556
1031	0.125052190805
1032	0.201117650093
1033	0.357815237563
1034	0.125166614838
1035	0.125
1036	0.369647946078
1037	0.125048245379
1038	0.12500986497
1039	0.125003503665
1040	0.125032393477
1041	0.125825065901
1042	0.125131708112
1043	0.125001015343
1044	0.126956884953
1045	0.126220794008
1046	0.126341187785
1047	0.125600481457
1048	0.125607485651
1049	0.130696292656
1050	0.338327935703
1051	0.226319580601
1052	0.203308912374
1053	0.125000183756
1054	0.125
1055	0.125
1056	0.125221103209
1057	0.16125604327
1058	0.172958268591
1059	0.136800176581
1060	0.125157704625
1061	0.312631542757
1062	0.125001441921
1063	0.127689688363
1064	0.125002179913
1065	0.316613981304
1066	0.125078414043
1067	0.284273890126
1068	0.125
1069	0.125006689576
1070	0.125
1071	0.125074995378
1072	0.125083090003
1073	0.12593455894
1074	0.132749622879
1075	0.125003404924
1076	0.125001160093
1077	0.12510858783
1078	0.407057803584
1079	0.125001882676
1080	0.152586716473
1081	0.125058984113
1082	0.125793618088
1083	0.174323438461
1084	0.125000176929
1085	0.127444558835
1086	0.184538301657
1087	0.125000179211
1088	0.125001868266
1089	0.12500548661
1090	0.125003933624
1091	0.125063275453
1092	0.1250090101
1093	0.125522075894
1094	0.125006715466
1095	0.125
1096	0.339924724899
1097	0.125
1098	0.135543575316
1099	0.125008257579
1100	0.125066194453
1101	0.32003305253
1102	0.140753382204
1103	0.177479097981
1104	0.16302648168
1105	0.481039401346
1106	0.126015584894
1107	0.230835864237
1108	0.141967215043
1109	0.401773637269
1110	0.125004730109
1111	0.336153272136
1112	0.197897346648
1113	0.125066454503
1114	0.125275309198
1115	0.125
1116	0.145296702179
1117	0.125004538492
1118	0.134357757525
1119	0.125260987136
1120	0.125001337012
1121	0.125054823714
1122	0.125
1123	0.125022990612
1124	0.125035122399
1125	0.125798875489
1126	0.125036932738
1127	0.141871890005
1128	0.355231924489
1129	0.125000430242
1130	0.198378717315
1131	0.12506488167
1132	0.143120176886
1133	0.125
1134	0.125
1135	0.125020614003
1136	0.214926490788
1137	0.524797310103
1138	0.125002078553
1139	0.125
1140	0.201315318777
1141	0.12770593184
1142	0.125
1143	0.342592375
1144	0.125
1145	0.125
1146	0.125
1147	0.125091301363
1148	0.126215850762
1149	0.180099379186
1150	0.125
1151	0.12500595242
1152	0.125000470057
1153	0.125927892649
1154	0.279869286404
1155	0.12500091659
1156	0.125
1157	0.125000199521
1158	0.125074874348
1159	0.125
1160	0.125022232823
1161	0.125107851493
1162	0.195978402469
1163	0.125020544654
1164	0.143790662722
1165	0.125000205002
1166	0.125000246018
1167	0.125
1168	0.125001777778
1169	0.125011768539
1170	0.125000746269
1171	0.125005810828
1172	0.125483895822
1173	0.125003585539
1174	0.125
1175	0.134150156989
1176	0.12500056198
1177	0.126611785163
1178	0.12501498988
1179	0.132214609349
1180	0.125752998981
1181	0.132053632158
1182	0.125013516322
1183	0.125058290943
1184	0.125072442773
1185	0.125031407574
1186	0.125001736111
1187	0.135320190675
1188	0.125097118411
1189	0.346875154077
1190	0.127629340353
1191	0.125000550964
1192	0.136977851006
1193	0.125130897206
1194	0.125013859374
1195	0.125023993048
1196	0.167846239769
1197	0.125026640739
1198	0.12500296523
1199	0.125000459031
1200	0.251610088914
1201	0.149792796887
1202	0.172066947373
1203	0.125003260999
1204	0.125
1205	0.125007640205
1206	0.125043717889
1207	0.125002079245
1208	0.127967882535
1209	0.12614708746
1210	0.130195859786
1211	0.125004710763
1212	0.140920974612
1213	0.125004567044
1214	0.125007957791
1215	0.125000752411
1216	0.223273318597
1217	0.168117515699
1218	0.125012483722
1219	0.125
1220	0.143992136239
1221	0.150853322812
1222	0.125010777162
1223	0.126624748832
1224	0.141787912437
1225	0.125
1226	0.125
1227	0.125079086638
1228	0.12501085185
1229	0.125003143442
1230	0.154504433286
1231	0.125000718045
1232	0.175365635714
1233	0.125115251894
1234	0.125000354233
1235	0.12511797511
1236	0.125071173638
1237	0.125500477276
1238	0.187086410596
1239	0.125
1240	0.429878220757
1241	0.125231389319
1242	0.126295383061
1243	0.125029995308
1244	0.391294636914
1245	0.125637930111
1246	0.125863168842
1247	0.125152219157
1248	0.148252684363
1249	0.12702545464
1250	0.12500334841
1251	0.127312779752
1252	0.125432469256
1253	0.125
1254	0.125019560293
1255	0.125002412707
1256	0.202210461919
1257	0.640035580341
1258	0.151804173268
1259	0.127494770509
1260	0.125006846018
1261	0.125013024071
1262	0.125
1263	0.210034786719
1264	0.125000169548
1265	0.125
1266	0.125003137515
1267	0.125002033648
1268	0.125001633405
1269	0.391229846626
1270	0.125000604595
1271	0.161312822095
1272	0.125016925142
1273	0.125239576149
1274	0.128357121092
1275	0.175549666697
1276	0.295260747333
1277	0.135990862088
1278	0.125
1279	0.125001088621
1280	0.137382837713
1281	0.125
1282	0.125415652012
1283	0.125174244992
1284	0.126995214449
1285	0.125283012683
1286	0.128887192658
1287	0.126162756189
1288	0.690152153881
1289	0.131699123186
1290	0.135480130987
1291	0.125229464422
1292	0.136673450451
1293	0.125025957403
1294	0.138437135343
1295	0.129800852432
1296	0.125
1297	0.125003628041
1298	0.125454666777
1299	0.12602019
1300	0.125000375375
1301	0.125015170695
1302	0.217900584222
1303	0.125027952146
1304	0.125
1305	0.125
1306	0.125001167721
1307	0.125000341604
1308	0.227698274607
1309	0.125002494184
1310	0.127838257696
1311	0.125007685322
1312	0.180825505822
1313	0.125001547436
1314	0.125001845855
1315	0.126844283379
1316	0.19381409794
1317	0.125
1318	0.125028837746
1319	0.125
1320	0.17124372968
1321	0.125
1322	0.125
1323	0.36388073206
1324	0.152139669034
1325	0.125
1326	0.12502858249
1327	0.190427814605
1328	0.261590993007
1329	0.1990657802
1330	0.236736533777
1331	0.125
1332	0.23354797469
1333	0.207013099284
1334	0.194355041434
1335	0.125
1336	0.259033164081
1337	0.135248782772
1338	0.125006275382
1339	0.125
1340	0.295752185401
1341	0.125001811223
1342	0.271905534161
1343	0.125001740554
1344	0.247131805552
1345	0.125035040732
1346	0.137653241685
1347	0.125005637698
1348	0.410383660632
1349	0.125
1350	0.125020959226
1351	0.125003611672
1352	0.137199585292
1353	0.125
1354	0.138338553026
1355	0.130461600535
1356	0.152693717747
1357	0.125004481887
1358	0.24881100548
1359	0.125028836771
1360	0.5501768578
1361	1.20903353562
1362	0.885581349645
1363	0.881565727755
1364	1.03881473497
1365	0.996705636181
1366	0.320222929899
1367	0.241840342884
1368	1.11347119541
1369	8.75609922935
1370	0.273825898285
1371	0.307234072063
1372	0.346738275039
1373	0.125
1374	0.12500043715
1375	0.125043430692
1376	0.146646788572
1377	0.125011884683
1378	0.125050238799
1379	0.369215073264
1380	0.125550136646
1381	0.148569236306
1382	0.140335670928
1383	0.134479150228
1384	0.125177178503
1385	0.125361243037
1386	0.555694075676
1387	0.158642431245
1388	0.125464824296
1389	0.125204271829
1390	0.131545233135
1391	0.222138846332
1392	0.125905927982
1393	0.125218349445
1394	0.125821897298
1395	0.125076011488
1396	0.165221391037
1397	0.125002869491
1398	0.125006673594
1399	0.12505895962
1400	0.125034959477
1401	0.125018377533
1402	0.125076439379
1403	0.125028619281
1404	0.125296542577
1405	0.131224103217
1406	0.125150357962
1407	0.125055216128
1408	0.332065963706
1409	0.125009038175
1410	0.212961365604
1411	0.306535071304
1412	0.128678129502
1413	0.326063227402
1414	0.125469625686
1415	0.22203715141
1416	0.20103717259
1417	0.13819636548
1418	0.12510822838
1419	0.266525139448
1420	0.125007658275
1421	0.125012236572
1422	0.125024662758
1423	0.18722287187
1424	0.223446542023
1425	0.125097357537
1426	0.125
1427	0.125016386536
1428	0.125015145579
1429	0.12500535552
1430	0.137946744619
1431	0.12518201292
1432	0.125
1433	0.125012072686
1434	0.125000660939
1435	0.22396914035
1436	0.125001481193
1437	0.277804928097
1438	0.125004889792
1439	0.125045946447
1440	0.21790233646
1441	0.128158935891
1442	0.125
1443	0.125091847243
1444	0.197300806021
1445	0.125190224798
1446	0.18142051825
1447	0.125155511728
1448	0.126508670789
1449	0.125103785085
1450	0.152135311445
1451	0.34599928908
1452	0.127028465511
1453	0.125343214685
1454	0.125032062645
1455	0.125504792977
1456	0.513999125527
1457	0.125523166671
1458	0.199073265271
1459	0.683934648741
1460	0.150668620275
1461	0.125238527286
1462	0.125137191718
1463	0.125091247862
1464	0.125031465977
1465	0.125035641183
1466	0.125007070916
1467	0.250910418138
1468	0.12502030472
1469	0.125008449924
1470	0.127493132271
1471	0.13140927472
1472	0.395813999593
1473	0.129366929789
1474	0.136689108339
1475	0.987929522473
1476	0.340416345444
1477	0.38403237629
1478	0.161575053105
1479	0.436467665968
1480	0.12500155831
1481	0.242331431311
1482	0.125
1483	0.125027464082
1484	0.193951153878
1485	0.125
1486	0.152712687851
1487	0.125
1488	0.125070549061
1489	0.125053376651
1490	0.125005815281
1491	0.540365928232
1492	0.157015834135
1493	0.152815239175
1494	0.212889264779
1495	0.140254588906
1496	0.125
1497	0.125034699411
1498	0.125039260254
1499	0.125004029896
1500	0.125238220253
1501	0.12500305871
1502	0.125435668996
1503	0.135932636249
1504	0.16892974023
1505	0.194480207094
1506	0.126149705081
1507	0.125123650574
1508	0.188747782189
1509	0.125001037007
1510	0.132359460524
1511	0.12894995611
1512	0.192337618583
1513	0.137378619072
1514	0.125213278638
1515	0.196859659001
1516	0.180216959048
1517	0.125655338223
1518	0.126848860283
1519	0.205125305295
1520	0.18061397959
1521	0.125161002043
1522	0.125106837439
1523	0.125026976297
1524	0.125001328105
1525	0.125010728851
1526	0.125000783699
1527	0.125
1528	0.1250594876
1529	0.125546510824
1530	0.132421517685
1531	0.12555138183
1532	0.12515173065
1533	0.125021563009
1534	0.125017846504
1535	0.166278005718
1536	0.125003309612
1537	0.125862349942
1538	0.159066577585
1539	0.419135314352
1540	0.125
1541	0.137785732832
1542	0.125165779532
1543	0.151845739378
1544	0.125
1545	0.125
1546	0.126345474776
1547	0.297477795322
1548	0.125001106782
1549	0.125001294498
1550	0.125
1551	0.125
1552	0.154022820736
1553	0.125030134894
1554	0.125007081421
1555	0.125015042546
1556	0.125027350477
1557	0.125095657982
1558	0.362021157523
1559	0.125080682488
1560	0.125328298206
1561	0.125001874581
1562	0.298228900882
1563	0.125005320363
1564	0.125121765665
1565	0.125212730872
1566	0.125
1567	0.128559899706
1568	0.125000885083
1569	0.125002062558
1570	0.136613003129
1571	0.375253407866
1572	0.271942357161
1573	0.233673993573
1574	1.83601468097
1575	1.32207152626
1576	1.61498529756
1577	0.201041461994
1578	0.132355757571
1579	0.452936356138
1580	0.125735316738
1581	0.12501894248
1582	0.125005929734
1583	0.125911582703
1584	0.125
1585	0.125205813298
1586	0.125004137909
1587	0.125015198497
1588	0.125006633816
1589	0.125005405069
1590	0.260888914788
1591	0.125201776015
1592	0.125338432312
1593	0.125039102991
1594	0.172159277059
1595	0.316610530989
1596	0.126714806689
1597	0.163942011786
1598	0.125
1599	0.12501883344
1600	0.128694713314
1601	0.125038208976
1602	0.195118443278
1603	0.134854545258
1604	0.129467038684
1605	0.200004845757
1606	0.126894434997
1607	0.127355663266
1608	0.125173058367
1609	0.125
1610	0.125004710287
1611	0.125000251509
1612	0.126086704581
1613	0.125007368061
1614	0.132527296675
1615	0.125002479095
1616	0.125034942646
1617	0.410038669046
1618	0.125106966141
1619	0.12506301967
1620	0.12500765654
1621	0.134373610468
1622	0.191323028652
1623	0.127343970271
1624	0.125
1625	0.130402106562
1626	0.1250199922
1627	0.125007909736
1628	0.125003225228
1629	0.139174668011
1630	0.346301076756
1631	0.125014917796
1632	0.356379437905
1633	0.125001195324
1634	0.40513616881
1635	0.125034106469
1636	0.125
1637	0.272620229127
1638	0.136355767657
1639	0.125
1640	0.195769586688
1641	0.125026174966
1642	0.151144479458
1643	0.125
1644	0.125002730737
1645	0.125
1646	0.125732322925
1647	0.26508431996
1648	0.125017490401
1649	0.125000847817
1650	0.125304472682
1651	0.125457532237
1652	0.125001133787
1653	0.16324646061
1654	0.125014719223
1655	0.125469061749
1656	0.125006361407
1657	0.158028344505
1658	0.125001259446
1659	0.125017153695
1660	0.236172785143
1661	0.265783795221
1662	0.125959848616
1663	0.135788683685
1664	0.125
1665	0.125242716259
1666	0.127239137941
1667	0.194822416473
1668	0.302613160964
1669	0.125221884867
1670	0.13180187484
1671	0.125131181503
1672	0.126852696118
1673	0.126936888518
1674	0.125045997401
1675	0.125616668547
1676	0.125019919274
1677	0.178396413101
1678	0.125006316341
1679	0.151992359342
1680	0.128524228287
1681	0.185919256153
1682	0.135062060098
1683	0.12655535448
1684	0.177117413475
1685	0.135922564397
1686	0.329342493673
1687	0.392151130676
1688	0.178369886866
1689	0.184530158991
1690	0.125016960289
1691	0.127988447023
1692	0.125009106213
1693	0.12504037187
1694	0.125001520913
1695	0.125
1696	0.132045263433
1697	0.125002822166
1698	0.22504916106
1699	0.216107095567
1700	0.125001978879
1701	0.356507679731
1702	0.125006602532
1703	0.156978728763
1704	0.205005806417
1705	0.12511500288
1706	0.125015032859
1707	0.137878351244
1708	0.125044479962
1709	0.125002388335
1710	0.125
1711	0.177049551943
1712	0.301883917586
1713	0.467648232466
1714	0.125452322674
1715	0.125003905501
1716	0.125026458455
1717	0.127377876521
1718	0.125002110156
1719	0.837988801628
1720	0.125000219106
1721	0.125003540436
1722	0.125
1723	0.125049538411
1724	0.127268633075
1725	0.125005459831
1726	0.125809963763
1727	0.125905962326
1728	0.125059845858
1729	0.12529866514
1730	0.125025504054
1731	0.125271533984
1732	0.125069464432
1733	0.155210775808
1734	0.125001609442
1735	0.199130042626
1736	0.125039700868
1737	0.125102816662
1738	0.125000464428
1739	0.125001412856
1740	0.126259669142
1741	0.126287509247
1742	0.136492785104
1743	0.206835592893
1744	0.125478461907
1745	0.154310468525
1746	0.151383191827
1747	0.125368033113
1748	0.125006361246
1749	0.125846487879
1750	0.125549614788
1751	0.125153967411
1752	0.126105416941
1753	0.127475735134
1754	0.216824916326
1755	0.12509327571
1756	0.125001162885
1757	0.152554333648
1758	0.125042711839
1759	0.125021029431
1760	0.13523639041
1761	0.206994101618
1762	0.13697049485
1763	0.448316445755
1764	0.741723707016
1765	0.343726282069
1766	0.637293434128
1767	0.316618559482
1768	0.127663649815
1769	0.157690591263
1770	0.125012234928
1771	0.128226695006
1772	0.242912957888
1773	0.125
1774	0.125288027294
1775	0.131630254147
1776	0.125840852371
1777	0.125
1778	0.125027746788
1779	0.125006666667
1780	0.125000190259
1781	0.125693032928
1782	0.125084616688
1783	0.125009231614
1784	0.125842592711
1785	0.12578157667
1786	0.128047223951
1787	0.125423145715
1788	0.126973482305
1789	0.125002229105
1790	0.125009780145
1791	0.12501480162
1792	0.23653506066
1793	0.125001244826
1794	0.188069299308
1795	0.125004146597
1796	0.125
1797	0.37662079907
1798	0.177454340352
1799	0.125002253986
1800	0.189934773047
1801	0.169822177818
1802	0.160363882305
1803	0.553928330675
1804	0.420083296811
1805	0.313810619465
1806	0.125416167916
1807	0.304991414271
1808	0.150252702326
1809	0.403276909817
1810	0.125003502627
1811	0.125030014495
1812	0.247505389937
1813	0.125013033553
1814	0.125003068525
1815	0.125
1816	0.125000243281
1817	0.125003804117
1818	0.125
1819	0.125011700356
1820	0.143324423425
1821	0.125467728613
1822	0.125027684033
1823	0.125099060389
1824	0.125680583982
1825	0.12500046683
1826	0.136769022605
1827	0.125238862982
1828	0.125025820179
1829	0.266332331733
1830	0.125012973239
1831	0.125007043265
1832	0.125000449199
1833	0.125
1834	0.238578513216
1835	0.125059613131
1836	0.280141792447
1837	0.126385489235
1838	0.12515035232
1839	0.125006724442
1840	0.125013353062
1841	0.12777171648
1842	0.249531454694
1843	0.125040359957
1844	0.125078045268
1845	0.125001988543
1846	0.125000610501
1847	0.125001916448
1848	0.125
1849	0.125
1850	0.125156600591
1851	0.425231705381
1852	0.140016180248
1853	0.226974299033
1854	0.296772318158
1855	0.125
1856	0.155536661733
1857	0.127090896404
1858	0.144725270258
1859	0.306497897836
1860	0.284378547102
1861	0.12502802097
1862	0.160520455327
1863	0.198454312653
1864	3.53271580337
1865	0.362677878261
1866	0.194997002828
1867	0.125032943971
1868	0.125007034818
1869	0.257112072331
1870	0.227423366879
1871	0.129674918436
1872	0.125004293066
1873	0.125164970016
1874	0.194892582784
1875	0.125007764107
1876	0.125004578973
1877	0.195344360947
1878	0.125212773984
1879	0.139249875958
1880	0.125190436413
1881	0.127445264283
1882	0.125054849037
1883	0.125005864875
1884	0.125172268701
1885	0.12512441948
1886	0.159480292893
1887	0.125
1888	0.125001515427
1889	0.125005638447
1890	0.125153723936
1891	0.125017963506
1892	0.125253343098
1893	0.125406868493
1894	0.137962589817
1895	0.125042022362
1896	0.125098755438
1897	0.12500976343
1898	0.127766151177
1899	0.27401954104
1900	0.125040474433
1901	0.126377510227
1902	0.125168507443
1903	0.125145796516
1904	0.12557802686
1905	0.125
1906	0.136747135427
1907	0.125073297734
1908	0.125020962527
1909	0.125051465953
1910	0.125036618946
1911	0.125015791964
1912	0.125126954001
1913	0.125258851787
1914	0.125294005957
1915	0.125722629885
1916	0.125776827145
1917	0.1251581209
1918	0.125000923285
1919	0.134849258431
1920	0.125
1921	0.125001433486
1922	0.125192049152
1923	0.125004419139
1924	0.125
1925	0.12745858786
1926	0.125002833508
1927	0.183082946516
1928	0.145850341407
1929	0.125033211792
1930	0.134688568396
1931	0.125001652913
1932	0.125037099748
1933	0.125013104173
1934	0.125007874415
1935	0.469447397837
1936	0.127054886414
1937	0.125005081986
1938	0.125002094694
1939	0.197445653925
1940	0.255129092151
1941	0.125044513969
1942	0.125000587682
1943	0.125001700595
1944	0.12504804633
1945	0.483998313664
1946	0.125008246197
1947	0.180227499806
1948	0.125
1949	0.125
1950	0.232782845634
1951	0.14853849138
1952	0.125001769238
1953	0.301454702112
1954	0.127072632483
1955	0.13679714039
1956	0.12526638684
1957	0.127601519933
1958	0.125009774624
1959	0.208529920657
1960	0.125
1961	0.130068978874
1962	0.252101063974
1963	0.281633159548
1964	0.125000198334
1965	0.139234077106
1966	0.168424701327
1967	0.149017779339
1968	0.127301971442
1969	0.125039280934
1970	0.171266681649
1971	0.216740543972
1972	0.140664178891
1973	0.146667701874
1974	0.155423711827
1975	0.125327324469
1976	0.125015672687
1977	0.276790269883
1978	0.127338276318
1979	0.309216327407
1980	0.125133964672
1981	0.348471209159
1982	0.125116125698
1983	0.181545364624
1984	0.125
1985	0.125
1986	0.125154066318
1987	0.125012219805
1988	0.125001096984
1989	0.125109179618
1990	0.12504011899
1991	0.125
1992	0.125000358166
1993	0.349176324425
1994	0.125003178301
1995	0.125392119463
1996	0.126797123983
1997	0.125025576816
1998	0.125000343479
1999	0.125001980198
2000	0.329137799745
2001	0.331308780126
2002	0.548195397215
2003	0.146789686564
2004	0.829666303644
2005	2.93435719451
2006	0.800395832113
2007	0.20664212204
2008	2.27071251192
2009	5.39665452514
2010	0.196105563375
2011	0.126736729649
2012	0.130904851336
2013	0.147390822005
2014	0.125494773975
2015	0.125031327954
2016	0.391144481104
2017	0.125424043834
2018	0.125220253681
2019	0.125
2020	0.125191641702
2021	0.221411392823
2022	0.125767051499
2023	0.125577854993
2024	0.125825925829
2025	0.249899031357
2026	0.352994778841
2027	0.187435853363
2028	0.228772828699
2029	0.636585726934
2030	0.125021242326
2031	0.125000382848
2032	0.163219587821
2033	0.330578014254
2034	0.125001388484
2035	0.125
2036	0.246312148858
2037	0.125
2038	0.125073437829
2039	0.125008448194
2040	0.125000683586
2041	0.125417638903
2042	0.137008932534
2043	0.171499349078
2044	0.125001151735
2045	0.125000260057
2046	0.167687810011
2047	0.125
2048	0.125385031404
2049	0.125056678824
2050	0.12503322802
2051	0.137258088518
2052	0.221332069587
2053	0.308313910164
2054	0.125003891859
2055	0.125022457437
2056	0.125004102968
2057	0.162706235303
2058	0.125006101271
2059	0.128705304859
2060	0.126885995375
2061	0.125070911633
2062	0.125047499804
2063	0.125692164618
2064	0.126118259508
2065	0.125675704529
2066	0.126348011255
2067	0.233840026019
2068	0.125010003058
2069	0.206771177802
2070	0.12506189819
2071	0.125372107761
2072	0.131831748216
2073	0.125005345423
2074	0.127500002958
2075	0.125148711704
2076	0.125067408279
2077	0.12529652677
2078	0.125071289322
2079	0.12501430431
2080	0.128373812507
2081	0.139444186012
2082	0.125067536206
2083	0.125082455409
2084	0.125539700049
2085	0.125239634988
2086	0.131140490239
2087	0.132684725743
2088	0.125
2089	0.125
2090	0.1274218406
2091	0.153152685314
2092	0.24765171423
2093	0.143533742866
2094	0.125025717601
2095	0.125005301042
2096	0.125023235154
2097	0.125102541438
2098	0.135298496467
2099	0.402405211839
2100	0.248925000477
2101	0.508550225946
2102	0.129690915667
2103	0.125416937093
2104	0.197492563649
2105	0.132156217963
2106	0.167184782474
2107	0.346886648839
2108	0.158625376284
2109	0.152498928722
2110	0.125002577878
2111	0.125011691236
2112	0.125016002841
2113	0.125145739466
2114	0.204964705396
2115	0.125255341307
2116	0.125027580971
2117	0.126168225993
2118	0.125000666667
2119	0.131043242631
2120	0.16138256592
2121	0.125
2122	0.1333019434
2123	0.172244515241
2124	0.126609647363
2125	0.221048598121
2126	0.125579529919
2127	0.125225720439
2128	0.125094842655
2129	0.12536155695
2130	0.132231341483
2131	0.125038256278
2132	0.125041971781
2133	0.165616442422
2134	0.125001609453
2135	0.134123036666
2136	0.12501812047
2137	0.125247080497
2138	0.125006832313
2139	0.125097082217
2140	0.127286801254
2141	0.125234139641
2142	0.126055789673
2143	0.20461390075
2144	0.16728931269
2145	0.125014408239
2146	0.151632027909
2147	0.125065121513
2148	0.12737670891
2149	0.130037626964
2150	0.125070405911
2151	0.125000902836
2152	0.193791292318
2153	0.162150001998
2154	0.191350680106
2155	0.125002786156
2156	0.125001571785
2157	0.125110482528
2158	0.125020860297
2159	0.200051200655
2160	0.723563685074
2161	0.131092209367
2162	0.165652447799
2163	0.25713745075
2164	0.128055317931
2165	0.127898316075
2166	0.211055248113
2167	0.125894227839
2168	0.125121258966
2169	0.125088103132
2170	0.198987772826
2171	0.125004996145
2172	0.125390069437
2173	0.131604675204
2174	0.296116197492
2175	0.125010356523
2176	0.125000761265
2177	0.14466565169
2178	0.125047627684
2179	0.125007357181
2180	0.180547627754
2181	0.125001694386
2182	0.135359560047
2183	0.125002313295
2184	0.125002113048
2185	0.125136091131
2186	0.141006430216
2187	0.125096759717
2188	0.125
2189	0.125144451478
2190	0.125003209516
2191	0.125018129082
2192	0.162690206887
2193	0.125021245234
2194	0.125105921597
2195	0.125062758796
2196	0.125015430443
2197	0.125176153343
2198	0.125032110954
2199	0.125061790464
2200	0.125003715533
2201	0.125015992068
2202	0.125278335767
2203	0.125
2204	0.125134719583
2205	0.367515116087
2206	0.125001351351
2207	0.163316891504
2208	0.125001706732
2209	0.125007476234
2210	0.125
2211	0.125002292149
2212	0.125000337496
2213	0.125
2214	0.125000196618
2215	0.125
2216	0.342944590865
2217	0.125
2218	0.176810142959
2219	0.125061726359
2220	0.185159027534
2221	0.165299391274
2222	0.125003452087
2223	0.125051514139
2224	0.126049507327
2225	0.125015614967
2226	0.125
2227	0.128899514871
2228	0.125
2229	0.125
2230	0.126070947939
2231	0.126580280188
2232	0.12888688823
2233	0.134396853278
2234	0.128184184137
2235	0.125604429717
2236	0.125988349932
2237	0.125147788255
2238	0.125344258953
2239	0.125000465549
2240	0.125011499493
2241	0.125042239339
2242	0.125352109945
2243	0.127553368157
2244	0.194948834933
2245	0.130833872802
2246	0.127143244082
2247	0.125042774217
2248	0.191420983671
2249	0.125012837925
2250	0.127820825665
2251	0.194892240178
2252	0.127482086429
2253	0.326970852893
2254	0.208301213128
2255	0.128746438878
2256	0.125421282241
2257	0.125020663639
2258	0.132896908176
2259	0.125040080085
2260	0.125100071404
2261	0.158205562242
2262	0.125003559691
2263	0.125110155278
2264	0.125164355214
2265	0.125090767944
2266	0.125052869838
2267	0.14347897159
2268	0.126253353114
2269	0.125021087598
2270	0.353122390302
2271	0.1309570003
2272	0.16945855313
2273	0.12500631159
2274	0.125124880769
2275	0.125001433078
2276	0.125738626556
2277	0.125009338821
2278	0.125000913491
2279	0.125021230116
2280	0.125
2281	0.140313528017
2282	0.125368838593
2283	0.125
2284	0.185276254387
2285	0.283382881119
2286	0.126024662986
2287	0.125
2288	0.15074406831
2289	0.12500076599
2290	0.139269280745
2291	0.125
2292	0.125001947805
2293	0.125028548466
2294	0.125005065328
2295	0.125001861172
2296	0.12500022242
2297	0.125000955245
2298	0.125
2299	0.296916496288
2300	0.125234380922
2301	0.125000232775
2302	0.125012700535
2303	0.300414892998
2304	0.125
2305	0.20153007306
2306	0.125
2307	0.125002490633
2308	0.125
2309	0.125000298151
2310	0.125403843507
2311	0.127413760863
2312	0.384968962834
2313	0.125000185874
2314	0.125010433765
2315	0.125
2316	0.17560329712
2317	0.125
2318	0.12806734713
2319	0.157566325357
2320	0.12500018382
2321	0.182730716577
2322	0.125427600689
2323	0.197244328772
2324	0.125002682484
2325	0.125149027336
2326	0.125007016243
2327	0.125000852079
2328	0.180730715699
2329	0.125015357653
2330	0.126439863761
2331	0.125168190776
2332	0.125029906114
2333	0.125038570261
2334	0.125133696473
2335	0.125121159799
2336	0.12500270514
2337	0.125179654516
2338	0.430229078148
2339	0.125004368694
2340	0.177818045982
2341	0.1250016288
2342	0.125005142178
2343	0.125002083333
2344	0.14481700353
2345	0.125071474427
2346	0.125021308656
2347	0.125583412196
2348	0.125
2349	0.151134660442
2350	0.125315219858
2351	0.125951030044
2352	0.125441078853
2353	0.12623598263
2354	0.177327933635
2355	0.12921694295
2356	0.126464951024
2357	0.126812936224
2358	0.299707434629
2359	0.126490714398
2360	0.126387222331
2361	0.339222598788
2362	0.153164592263
2363	0.125003063329
2364	0.125004903703
2365	0.12759898728
2366	0.636044609142
2367	0.125036391836
2368	0.125065548665
2369	0.128350027619
2370	0.193159048829
2371	0.166895475383
2372	0.270496326233
2373	0.329973022256
2374	0.127741340243
2375	0.125819322568
2376	0.159860615568
2377	0.127453470536
2378	0.125969196656
2379	0.125219881431
2380	0.287505112108
2381	0.125000321336
2382	0.32425152518
2383	0.125000389129
2384	0.125363932237
2385	0.139016950825
2386	0.125021929346
2387	0.125002369766
2388	0.133432503509
2389	0.125019815195
2390	0.125148634252
2391	0.125293119184
2392	0.395713231383
2393	0.125366405254
2394	0.125539668833
2395	0.125056991086
2396	0.125003730909
2397	0.128318430511
2398	0.173731152831
2399	0.154389923036
2400	0.173369898418
2401	0.694439811063
2402	0.125002486952
2403	0.134401232183
2404	0.125001367989
2405	0.125007624059
2406	0.12500142667
2407	0.125615255096
2408	0.125
2409	0.125726487238
2410	0.211154230343
2411	0.126753450031
2412	0.125088862221
2413	0.125505671489
2414	0.125053070613
2415	0.127452140923
2416	0.239926461618
2417	0.125
2418	0.126355977685
2419	0.125074045637
2420	0.229856039171
2421	0.125002813494
2422	0.219403545095
2423	0.739886783239
2424	0.125005353682
2425	0.129843841282
2426	0.319770470639
2427	0.12508341307
2428	0.125000191058
2429	0.129168746367
2430	0.125012331243
2431	0.125026212528
2432	0.125039907161
2433	0.345988339082
2434	0.125051612716
2435	0.138581551919
2436	0.125017729738
2437	0.125
2438	0.126949832625
2439	0.125383916094
2440	0.125083403933
2441	0.125001892883
2442	0.125
2443	0.125
2444	0.12501425376
2445	0.125004718975
2446	0.125000229991
2447	0.399100172936
2448	0.125004275059
2449	0.317869271824
2450	0.125017591438
2451	0.210736992095
2452	0.128843824559
2453	0.135448806962
2454	0.129400756481
2455	0.125
2456	0.12500339318
2457	0.148007347128
2458	0.264022977099
2459	0.144589387297
2460	0.125010939876
2461	0.125163552598
2462	0.125000751487
2463	0.125058262233
2464	0.125
2465	0.125021659417
2466	0.162058258158
2467	0.125
2468	0.329055620706
2469	0.12587060025
2470	0.217759553164
2471	0.125
2472	0.129480425111
2473	0.127933834887
2474	0.125007304655
2475	0.125
2476	0.125103554289
2477	0.125029100053
2478	0.127198659586
2479	0.125000714044
2480	0.125415796168
2481	0.125004274239
2482	0.125
2483	0.125
2484	0.125005250663
2485	0.125003646964
2486	0.125000261506
2487	0.125003504941
2488	0.125001074007
2489	0.125001141934
2490	0.125020503807
2491	0.125001055966
2492	0.125
2493	0.236204709443
2494	0.125000444756
2495	0.302879343871
2496	0.153249861263
2497	0.268204438998
2498	0.125001169591
2499	0.125
2500	0.243983293415
2501	0.22799201953
2502	0.125008451041
2503	0.126441612404
2504	0.125682279989
2505	0.125558720763
2506	0.12500131703
2507	0.12508862457
2508	0.125073357229
2509	0.125
2510	0.127995433757
2511	0.127317520083
2512	0.132062684284
2513	0.12569770991
2514	0.12860552511
2515	0.126442420627
2516	0.131778012809
2517	0.126391084829
2518	0.160135304815
2519	0.125538791725
2520	0.125022955562
2521	0.126131946308
2522	0.125013528035
2523	0.125008323453
2524	0.129702466559
2525	0.125003453347
2526	0.169022941904
2527	0.325562950867
2528	0.229990154687
2529	0.125001281859
2530	0.180860780258
2531	0.676757905631
2532	0.127549737773
2533	0.128743331368
2534	0.240411345255
2535	0.932916006112
2536	0.216686106875
2537	0.476227793104
2538	0.129049648906
2539	0.135755969031
2540	0.125000188964
2541	0.125001427212
2542	0.125
2543	0.140088587687
2544	0.125408478316
2545	0.125000603195
2546	0.125006726444
2547	0.125005993834
2548	0.125450563832
2549	0.127498107712
2550	0.125015007694
2551	0.125
2552	0.218117222208
2553	0.125000175932
2554	0.125000761865
2555	0.126041328377
2556	0.572651377447
2557	0.125002859657
2558	0.125
2559	0.135548223039
2560	0.125001010365
2561	0.125
2562	0.125057835176
2563	0.172807220732
2564	0.125412577476
2565	0.125000936061
2566	0.125011000657
2567	0.125007221778
2568	0.125
2569	0.136095866203
2570	0.125087206175
2571	0.125027344722
2572	0.12501830274
2573	0.125016085693
2574	0.125001611446
2575	0.125073309524
2576	0.125009277466
2577	0.125002497216
2578	0.130736317537
2579	0.125146164151
2580	0.125
2581	0.139667448924
2582	0.125053338246
2583	0.125188074571
2584	0.125003802281
2585	0.1258984382
2586	0.275520209533
2587	0.139416802873
2588	0.369742412053
2589	0.129048059592
2590	0.182740375736
2591	0.137191639873
2592	0.125000586166
2593	0.125000784985
2594	0.16574961496
2595	0.125006381728
2596	0.125
2597	0.125172368738
2598	0.125007573466
2599	0.125071286613
2600	0.125002809693
2601	0.125001904432
2602	0.125006927899
2603	0.125001212856
2604	0.135919560866
2605	0.353572467647
2606	0.188791465139
2607	0.125001026764
2608	0.125124013282
2609	0.125001971983
2610	0.125001084599
2611	0.136715512061
2612	0.125
2613	0.125012243779
2614	0.17360468664
2615	0.268962980132
2616	0.125
2617	0.200103174503
2618	0.181372481445
2619	0.125000960154
2620	0.125062974684
2621	0.12502449662
2622	0.125
2623	0.125006948141
2624	0.12500720495
2625	0.125001585065
2626	0.156890391587
2627	0.303312774096
2628	0.125000840611
2629	0.125
2630	0.125000690608
2631	0.125
2632	0.199729716196
2633	0.247529062827
2634	0.160994953276
2635	0.125018271119
2636	0.156758822281
2637	0.125001354569
2638	0.12500055991
2639	0.125000179276
2640	0.125909437691
2641	0.129585064427
2642	0.137167084608
2643	0.231567335279
2644	0.125056218265
2645	0.125543880404
2646	0.134854881514
2647	0.143386276106
2648	0.125016364934
2649	0.125
2650	0.125
2651	0.125
2652	0.129736616094
2653	0.125003879962
2654	0.154750778092
2655	0.1267624005
2656	0.125004885849
2657	0.1281752374
2658	0.12500053396
2659	0.307098877122
2660	0.125493944319
2661	0.125018727884
2662	0.139577170069
2663	0.125937710259
2664	0.12500809009
2665	0.14829201414
2666	0.14206709481
2667	0.416705588939
2668	0.371972255237
2669	0.130411957445
2670	0.125306258283
2671	0.125359820112
2672	0.125243037088
2673	0.125336329106
2674	0.125069027825
2675	0.152160829449
2676	0.925537593749
2677	0.125024894444
2678	0.125932614188
2679	0.206207986773
2680	0.125003719103
2681	0.125126651808
2682	0.126506828892
2683	0.176289686873
2684	0.202055344111
2685	0.159897261086
2686	0.125299773105
2687	0.135336197486
2688	0.125055925646
2689	0.249864518244
2690	0.127559240754
2691	0.132057566392
2692	0.33263883213
2693	0.139741891566
2694	0.156605096423
2695	0.128792725305
2696	0.133757937186
2697	0.125904200168
2698	0.135631255324
2699	0.125183340476
2700	0.165105202344
2701	0.125010583635
2702	0.132853647921
2703	0.175127086779
2704	0.125002424899
2705	0.125
2706	0.302979798124
2707	0.125001151072
2708	0.125118604058
2709	0.125
2710	0.12500026178
2711	0.125013803793
2712	0.12500230426
2713	0.125000481232
2714	0.125
2715	0.125000402739
2716	0.125001118316
2717	0.257552121916
2718	0.125191943314
2719	0.125004610951
2720	0.136072806028
2721	0.129251316779
2722	0.125004737043
2723	0.125003245326
2724	0.125
2725	0.128787131275
2726	0.125000919118
2727	0.125
2728	0.125632006314
2729	0.12500498909
2730	0.125000175439
2731	0.125000602235
2732	0.141333839844
2733	0.125
2734	0.142302345864
2735	0.126391470562
2736	0.125000463989
2737	0.125
2738	0.12500610655
2739	0.125002484134
2740	0.125009350072
2741	0.137336131738
2742	0.125420113638
2743	0.125
2744	0.220360245573
2745	0.126926424748
2746	0.125055022871
2747	0.125006062599
2748	0.262942375728
2749	0.125001025431
2750	0.125530732833
2751	0.125313577098
2752	0.423526252094
2753	0.136057862093
2754	0.126405324896
2755	0.24080359665
2756	0.125
2757	0.177448995343
2758	0.126299096334
2759	0.15122290362
2760	0.125
2761	0.12501167796
2762	0.12500065744
2763	0.163718942196
2764	0.125001113586
2765	0.272290586127
2766	0.125002040299
2767	0.125000757576
2768	0.128918747124
2769	0.27609106097
2770	0.441066021699
2771	0.125003966511
2772	0.139971771501
2773	0.125000710985
2774	0.125000230627
2775	0.125006085456
2776	0.125000340832
2777	0.125
2778	0.125029416347
2779	0.125002720052
2780	0.125036358632
2781	0.125047095131
2782	0.263883157075
2783	0.125
2784	0.125017634147
2785	0.125000215517
2786	0.12565357553
2787	0.12505119225
2788	0.359414465692
2789	0.131198167578
2790	0.129095874937
2791	0.132772137955
2792	0.138885995826
2793	0.137440496705
2794	0.188057107636
2795	0.129304165849
2796	0.129893826466
2797	0.128635389989
2798	0.205551585856
2799	0.125003689542
2800	0.317728104127
2801	0.157121370855
2802	0.241042421016
2803	0.125585021361
2804	0.125082384151
2805	0.125186529093
2806	0.130088105029
2807	0.125437151112
2808	0.125039540198
2809	0.125087088884
2810	0.12887871209
2811	0.125001370233
2812	0.125000800886
2813	0.197579616863
2814	0.141643438254
2815	0.125025369189
2816	0.125005725239
2817	0.12547220512
2818	0.216981693517
2819	0.125578242889
2820	0.162051479017
2821	0.12509020928
2822	0.344580401463
2823	0.125046080488
2824	0.180539038719
2825	0.127385640054
2826	0.167818118516
2827	0.254004712244
2828	0.127303861298
2829	0.127881647288
2830	0.12591547258
2831	0.125003149951
2832	0.125020661669
2833	0.125053563035
2834	0.125037273247
2835	0.125014666569
2836	0.125004754333
2837	0.126719657899
2838	0.153054037787
2839	0.125032770487
2840	0.336528552169
2841	0.125001087762
2842	0.12500401309
2843	0.144567426858
2844	0.296009607621
2845	0.125000378931
2846	0.135156475474
2847	0.125016146983
2848	0.139101842922
2849	0.345505750745
2850	0.297632081836
2851	0.1287651467
2852	0.125000169377
2853	0.227309445508
2854	0.125000394757
2855	0.125
2856	0.125029549876
2857	0.125004681605
2858	0.125
2859	0.194940220014
2860	0.125
2861	0.125001435256
2862	0.125
2863	0.125044257572
2864	0.125
2865	0.180157928803
2866	0.125000498008
2867	0.12500030175
2868	0.125000544662
2869	0.12500025025
2870	0.387153844313
2871	0.125064330157
2872	0.125000489716
2873	0.125024383665
2874	0.125003579578
2875	0.125
2876	0.125180365326
2877	0.125017362344
2878	0.182660773088
2879	0.125002051703
2880	0.125233427946
2881	0.125061633721
2882	0.133621763096
2883	0.125001679878
2884	0.148219114997
2885	0.125000948767
2886	0.12500464117
2887	0.125022104779
2888	0.126289088299
2889	0.135236392986
2890	0.125000328947
2891	0.278445608297
2892	0.126129537245
2893	0.161487789938
2894	0.846291293399
2895	0.163421936457
2896	0.125042476559
2897	0.126154811253
2898	0.125012523892
2899	0.125021391307
2900	0.125
2901	0.140584979863
2902	0.130775527502
2903	0.12505114808
2904	0.125
2905	0.125003556909
2906	0.125003688536
2907	0.125070521005
2908	0.183892518689
2909	0.125002692771
2910	0.125222549416
2911	0.243326763166
2912	0.125
2913	0.12500260295
2914	0.128224632237
2915	0.202222802687
2916	1.06627763324
2917	0.125069953818
2918	0.125000333111
2919	0.125003684997
2920	0.125000996754
2921	0.125000263852
2922	0.125035248781
2923	0.137174302729
2924	0.38803597242
2925	0.125003173644
2926	0.125032444762
2927	0.17930970067
2928	0.125003342115
2929	1.06665763586
2930	0.125015305579
2931	0.125017458026
2932	0.188204055902
2933	0.125008394892
2934	0.125021390175
2935	0.125
2936	0.163566000893
2937	0.125000170999
2938	0.125109048409
2939	0.126506509744
2940	0.131066748429
2941	0.125055444119
2942	0.32937337267
2943	0.125984213079
2944	0.125026664017
2945	0.125029562978
2946	0.125031360473
2947	0.125
2948	0.125000492368
2949	0.125001735609
2950	0.125384796704
2951	0.132295711338
2952	0.271267171419
2953	0.190413015321
2954	0.175358734763
2955	0.125030087624
2956	0.125049274743
2957	0.125001192852
2958	0.125402705136
2959	0.138065683945
2960	0.313165337642
2961	0.125000266667
2962	0.125069023145
2963	0.125
2964	0.125
2965	0.175207671114
2966	0.125
2967	0.125786293805
2968	0.125015959575
2969	0.125001238684
2970	0.129558080701
2971	0.125302209558
2972	0.125002015794
2973	0.125026286957
2974	0.125590328114
2975	0.153339119289
2976	0.125010002691
2977	0.125
2978	0.143369627603
2979	0.125263041012
2980	0.166867407365
2981	0.181811834082
2982	0.315730936752
2983	0.125
2984	0.12517374484
2985	0.125
2986	0.125005439657
2987	0.125003093437
2988	0.225280440683
2989	0.125000188964
2990	0.237634761174
2991	0.125151809074
2992	0.125003875969
2993	0.199868266563
2994	0.127134360835
2995	0.66132751325
2996	0.210571059913
2997	0.125347014364
2998	0.125149363207
2999	0.125000177242
